#estructura del pedido
#tipoInstruccion;paginas;pid (leer-iniciar-finalizar)
1;10;225;
1;10;227;
2;4;225;
2;4;227;
4;0;225;
4;0;227;
1;10;225;
1;10;227;
2;4;225;
2;4;227;
4;0;225;
4;0;227;
1;10;225;
1;10;227;
2;4;225;
2;4;227;
4;0;225;
4;0;227;
1;10;225;
1;10;227;
2;4;225;
2;4;227;
4;0;225;
4;0;227;
1;10;225;
1;10;227;
2;4;225;
2;4;227;
4;0;225;
4;0;227;
1;10;225;
1;10;227;
2;4;225;
2;4;227;
4;0;225;
4;0;227;
1;10;225;
1;10;227;
2;4;225;
2;4;227;
4;0;225;
4;0;227;
1;10;225;
1;10;227;
2;4;225;
2;4;227;
4;0;225;
4;0;227;
1;10;225;
1;10;227;
2;4;225;
2;4;227;
4;0;225;
4;0;227;
1;10;225;
1;10;227;
2;4;225;
2;4;227;
4;0;225;
4;0;227;
1;10;225;
1;10;227;
2;4;225;
2;4;227;
4;0;225;
4;0;227;
1;10;225;
1;10;227;
2;4;225;
2;4;227;
4;0;225;
4;0;227;
1;10;225;
1;10;227;
2;4;225;
2;4;227;
4;0;225;
4;0;227;
1;10;225;
1;10;227;
2;4;225;
2;4;227;
4;0;225;
4;0;227;
1;20;225;
1;20;227;
2;4;225;
2;4;227;
2;5;225;
2;5;227;
2;6;225;
2;6;227;
2;7;225;
2;7;227;
2;8;225;
2;8;227;
2;14;225;
2;14;227;
2;19;225;
2;19;227;
2;19;225;
2;19;227;
2;19;225;
2;19;227;
4;0;225;
4;0;227;