#estructura del pedido
#tipoInstruccion;paginas;pid (leer-iniciar-finalizar)
1;1;225;
1;1;227;
1;1;226;
1;1;225;
1;1;327;
1;1;326;
1;1;325;
1;1;327;
1;1;426;
1;1;425;
1;1;427;
1;1;426;
1;1;525;
1;1;527;
1;1;526;
1;1;525;
1;1;627;
1;1;626;
1;1;625;
1;1;627;
1;1;726;
1;1;725;
1;1;727;
1;1;726;
4;1;225;
4;1;227;
4;1;226;
4;1;225;
4;1;327;
4;1;326;
4;1;325;
4;1;327;
4;1;426;
4;1;425;
4;1;427;
4;1;426;
4;1;525;
4;1;527;
4;1;526;
4;1;525;
4;1;627;
4;1;626;
4;1;625;
4;1;627;
4;1;726;
4;1;725;
4;1;727;
4;1;726;
1;1;225;
1;1;227;
1;1;226;
1;1;225;
1;1;327;
1;1;326;
1;1;325;
1;1;327;
1;1;426;
1;1;425;
1;1;427;
1;1;426;
1;1;525;
1;1;527;
1;1;526;
1;1;525;
1;1;627;
1;1;626;
1;1;625;
1;1;627;
1;1;726;
1;1;725;
1;1;727;
1;1;726;
4;1;225;
4;1;227;
4;1;226;
4;1;225;
4;1;327;
4;1;326;
4;1;325;
4;1;327;
4;1;426;
4;1;425;
4;1;427;
4;1;426;
4;1;525;
4;1;527;
4;1;526;
4;1;525;
4;1;627;
4;1;626;
4;1;625;
4;1;627;
4;1;726;
4;1;725;
4;1;727;
4;1;726;
1;1;225;
1;1;227;
1;1;226;
1;1;225;
1;1;327;
1;1;326;
1;1;325;
1;1;327;
1;1;426;
1;1;425;
1;1;427;
1;1;426;
1;1;525;
1;1;527;
1;1;526;
1;1;525;
1;1;627;
1;1;626;
1;1;625;
1;1;627;
1;1;726;
1;1;725;
1;1;727;
1;1;726;
4;1;225;
4;1;227;
4;1;226;
4;1;225;
4;1;327;
4;1;326;
4;1;325;
4;1;327;
4;1;426;
4;1;425;
4;1;427;
4;1;426;
4;1;525;
4;1;527;
4;1;526;
4;1;525;
4;1;627;
4;1;626;
4;1;625;
4;1;627;
4;1;726;
4;1;725;
4;1;727;
4;1;726;
1;1;225;
1;1;227;
1;1;226;
1;1;225;
1;1;327;
1;1;326;
1;1;325;
1;1;327;
1;1;426;
1;1;425;
1;1;427;
1;1;426;
1;1;525;
1;1;527;
1;1;526;
1;1;525;
1;1;627;
1;1;626;
1;1;625;
1;1;627;
1;1;726;
1;1;725;
1;1;727;
1;1;726;
4;1;225;
4;1;227;
4;1;226;
4;1;225;
4;1;327;
4;1;326;
4;1;325;
4;1;327;
4;1;426;
4;1;425;
4;1;427;
4;1;426;
4;1;525;
4;1;527;
4;1;526;
4;1;525;
4;1;627;
4;1;626;
4;1;625;
4;1;627;
4;1;726;
4;1;725;
4;1;727;
4;1;726;
1;1;225;
1;1;227;
1;1;226;
1;1;225;
1;1;327;
1;1;326;
1;1;325;
1;1;327;
1;1;426;
1;1;425;
1;1;427;
1;1;426;
1;1;525;
1;1;527;
1;1;526;
1;1;525;
1;1;627;
1;1;626;
1;1;625;
1;1;627;
1;1;726;
1;1;725;
1;1;727;
1;1;726;
4;1;225;
4;1;227;
4;1;226;
4;1;225;
4;1;327;
4;1;326;
4;1;325;
4;1;327;
4;1;426;
4;1;425;
4;1;427;
4;1;426;
4;1;525;
4;1;527;
4;1;526;
4;1;525;
4;1;627;
4;1;626;
4;1;625;
4;1;627;
4;1;726;
4;1;725;
4;1;727;
4;1;726;
1;1;225;
1;1;227;
1;1;226;
1;1;225;
1;1;327;
1;1;326;
1;1;325;
1;1;327;
1;1;426;
1;1;425;
1;1;427;
1;1;426;
1;1;525;
1;1;527;
1;1;526;
1;1;525;
1;1;627;
1;1;626;
1;1;625;
1;1;627;
1;1;726;
1;1;725;
1;1;727;
1;1;726;
4;1;225;
4;1;227;
4;1;226;
4;1;225;
4;1;327;
4;1;326;
4;1;325;
4;1;327;
4;1;426;
4;1;425;
4;1;427;
4;1;426;
4;1;525;
4;1;527;
4;1;526;
4;1;525;
4;1;627;
4;1;626;
4;1;625;
4;1;627;
4;1;726;
4;1;725;
4;1;727;
4;1;726;
1;1;225;
1;1;227;
1;1;226;
1;1;225;
1;1;327;
1;1;326;
1;1;325;
1;1;327;
1;1;426;
1;1;425;
1;1;427;
1;1;426;
1;1;525;
1;1;527;
1;1;526;
1;1;525;
1;1;627;
1;1;626;
1;1;625;
1;1;627;
1;1;726;
1;1;725;
1;1;727;
1;1;726;
4;1;225;
4;1;227;
4;1;226;
4;1;225;
4;1;327;
4;1;326;
4;1;325;
4;1;327;
4;1;426;
4;1;425;
4;1;427;
4;1;426;
4;1;525;
4;1;527;
4;1;526;
4;1;525;
4;1;627;
4;1;626;
4;1;625;
4;1;627;
4;1;726;
4;1;725;
4;1;727;
4;1;726;
1;1;225;
1;1;227;
1;1;226;
1;1;225;
1;1;327;
1;1;326;
1;1;325;
1;1;327;
1;1;426;
1;1;425;
1;1;427;
1;1;426;
1;1;525;
1;1;527;
1;1;526;
1;1;525;
1;1;627;
1;1;626;
1;1;625;
1;1;627;
1;1;726;
1;1;725;
1;1;727;
1;1;726;
4;1;225;
4;1;227;
4;1;226;
4;1;225;
4;1;327;
4;1;326;
4;1;325;
4;1;327;
4;1;426;
4;1;425;
4;1;427;
4;1;426;
4;1;525;
4;1;527;
4;1;526;
4;1;525;
4;1;627;
4;1;626;
4;1;625;
4;1;627;
4;1;726;
4;1;725;
4;1;727;
4;1;726;
1;1;225;
1;1;227;
1;1;226;
1;1;225;
1;1;327;
1;1;326;
1;1;325;
1;1;327;
1;1;426;
1;1;425;
1;1;427;
1;1;426;
1;1;525;
1;1;527;
1;1;526;
1;1;525;
1;1;627;
1;1;626;
1;1;625;
1;1;627;
1;1;726;
1;1;725;
1;1;727;
1;1;726;
4;1;225;
4;1;227;
4;1;226;
4;1;225;
4;1;327;
4;1;326;
4;1;325;
4;1;327;
4;1;426;
4;1;425;
4;1;427;
4;1;426;
4;1;525;
4;1;527;
4;1;526;
4;1;525;
4;1;627;
4;1;626;
4;1;625;
4;1;627;
4;1;726;
4;1;725;
4;1;727;
4;1;726;
1;1;225;
1;1;227;
1;1;226;
1;1;225;
1;1;327;
1;1;326;
1;1;325;
1;1;327;
1;1;426;
1;1;425;
1;1;427;
1;1;426;
1;1;525;
1;1;527;
1;1;526;
1;1;525;
1;1;627;
1;1;626;
1;1;625;
1;1;627;
1;1;726;
1;1;725;
1;1;727;
1;1;726;
4;1;225;
4;1;227;
4;1;226;
4;1;225;
4;1;327;
4;1;326;
4;1;325;
4;1;327;
4;1;426;
4;1;425;
4;1;427;
4;1;426;
4;1;525;
4;1;527;
4;1;526;
4;1;525;
4;1;627;
4;1;626;
4;1;625;
4;1;627;
4;1;726;
4;1;725;
4;1;727;
4;1;726;
1;1;225;
1;1;227;
1;1;226;
1;1;225;
1;1;327;
1;1;326;
1;1;325;
1;1;327;
1;1;426;
1;1;425;
1;1;427;
1;1;426;
1;1;525;
1;1;527;
1;1;526;
1;1;525;
1;1;627;
1;1;626;
1;1;625;
1;1;627;
1;1;726;
1;1;725;
1;1;727;
1;1;726;
4;1;225;
4;1;227;
4;1;226;
4;1;225;
4;1;327;
4;1;326;
4;1;325;
4;1;327;
4;1;426;
4;1;425;
4;1;427;
4;1;426;
4;1;525;
4;1;527;
4;1;526;
4;1;525;
4;1;627;
4;1;626;
4;1;625;
4;1;627;
4;1;726;
4;1;725;
4;1;727;
4;1;726;
1;1;225;
1;1;227;
1;1;226;
1;1;225;
1;1;327;
1;1;326;
1;1;325;
1;1;327;
1;1;426;
1;1;425;
1;1;427;
1;1;426;
1;1;525;
1;1;527;
1;1;526;
1;1;525;
1;1;627;
1;1;626;
1;1;625;
1;1;627;
1;1;726;
1;1;725;
1;1;727;
1;1;726;
4;1;225;
4;1;227;
4;1;226;
4;1;225;
4;1;327;
4;1;326;
4;1;325;
4;1;327;
4;1;426;
4;1;425;
4;1;427;
4;1;426;
4;1;525;
4;1;527;
4;1;526;
4;1;525;
4;1;627;
4;1;626;
4;1;625;
4;1;627;
4;1;726;
4;1;725;
4;1;727;
4;1;726;
1;1;225;
1;1;227;
1;1;226;
1;1;225;
1;1;327;
1;1;326;
1;1;325;
1;1;327;
1;1;426;
1;1;425;
1;1;427;
1;1;426;
1;1;525;
1;1;527;
1;1;526;
1;1;525;
1;1;627;
1;1;626;
1;1;625;
1;1;627;
1;1;726;
1;1;725;
1;1;727;
1;1;726;
4;1;225;
4;1;227;
4;1;226;
4;1;225;
4;1;327;
4;1;326;
4;1;325;
4;1;327;
4;1;426;
4;1;425;
4;1;427;
4;1;426;
4;1;525;
4;1;527;
4;1;526;
4;1;525;
4;1;627;
4;1;626;
4;1;625;
4;1;627;
4;1;726;
4;1;725;
4;1;727;
4;1;726;
1;1;225;
1;1;227;
1;1;226;
1;1;225;
1;1;327;
1;1;326;
1;1;325;
1;1;327;
1;1;426;
1;1;425;
1;1;427;
1;1;426;
1;1;525;
1;1;527;
1;1;526;
1;1;525;
1;1;627;
1;1;626;
1;1;625;
1;1;627;
1;1;726;
1;1;725;
1;1;727;
1;1;726;
4;1;225;
4;1;227;
4;1;226;
4;1;225;
4;1;327;
4;1;326;
4;1;325;
4;1;327;
4;1;426;
4;1;425;
4;1;427;
4;1;426;
4;1;525;
4;1;527;
4;1;526;
4;1;525;
4;1;627;
4;1;626;
4;1;625;
4;1;627;
4;1;726;
4;1;725;
4;1;727;
4;1;726;
1;1;225;
1;1;227;
1;1;226;
1;1;225;
1;1;327;
1;1;326;
1;1;325;
1;1;327;
1;1;426;
1;1;425;
1;1;427;
1;1;426;
1;1;525;
1;1;527;
1;1;526;
1;1;525;
1;1;627;
1;1;626;
1;1;625;
1;1;627;
1;1;726;
1;1;725;
1;1;727;
1;1;726;
4;1;225;
4;1;227;
4;1;226;
4;1;225;
4;1;327;
4;1;326;
4;1;325;
4;1;327;
4;1;426;
4;1;425;
4;1;427;
4;1;426;
4;1;525;
4;1;527;
4;1;526;
4;1;525;
4;1;627;
4;1;626;
4;1;625;
4;1;627;
4;1;726;
4;1;725;
4;1;727;
4;1;726;
1;1;225;
1;1;227;
1;1;226;
1;1;225;
1;1;327;
1;1;326;
1;1;325;
1;1;327;
1;1;426;
1;1;425;
1;1;427;
1;1;426;
1;1;525;
1;1;527;
1;1;526;
1;1;525;
1;1;627;
1;1;626;
1;1;625;
1;1;627;
1;1;726;
1;1;725;
1;1;727;
1;1;726;
4;1;225;
4;1;227;
4;1;226;
4;1;225;
4;1;327;
4;1;326;
4;1;325;
4;1;327;
4;1;426;
4;1;425;
4;1;427;
4;1;426;
4;1;525;
4;1;527;
4;1;526;
4;1;525;
4;1;627;
4;1;626;
4;1;625;
4;1;627;
4;1;726;
4;1;725;
4;1;727;
4;1;726;
1;1;225;
1;1;227;
1;1;226;
1;1;225;
1;1;327;
1;1;326;
1;1;325;
1;1;327;
1;1;426;
1;1;425;
1;1;427;
1;1;426;
1;1;525;
1;1;527;
1;1;526;
1;1;525;
1;1;627;
1;1;626;
1;1;625;
1;1;627;
1;1;726;
1;1;725;
1;1;727;
1;1;726;
4;1;225;
4;1;227;
4;1;226;
4;1;225;
4;1;327;
4;1;326;
4;1;325;
4;1;327;
4;1;426;
4;1;425;
4;1;427;
4;1;426;
4;1;525;
4;1;527;
4;1;526;
4;1;525;
4;1;627;
4;1;626;
4;1;625;
4;1;627;
4;1;726;
4;1;725;
4;1;727;
4;1;726;
1;1;225;
1;1;227;
1;1;226;
1;1;225;
1;1;327;
1;1;326;
1;1;325;
1;1;327;
1;1;426;
1;1;425;
1;1;427;
1;1;426;
1;1;525;
1;1;527;
1;1;526;
1;1;525;
1;1;627;
1;1;626;
1;1;625;
1;1;627;
1;1;726;
1;1;725;
1;1;727;
1;1;726;
4;1;225;
4;1;227;
4;1;226;
4;1;225;
4;1;327;
4;1;326;
4;1;325;
4;1;327;
4;1;426;
4;1;425;
4;1;427;
4;1;426;
4;1;525;
4;1;527;
4;1;526;
4;1;525;
4;1;627;
4;1;626;
4;1;625;
4;1;627;
4;1;726;
4;1;725;
4;1;727;
4;1;726;
1;1;225;
1;1;227;
1;1;226;
1;1;225;
1;1;327;
1;1;326;
1;1;325;
1;1;327;
1;1;426;
1;1;425;
1;1;427;
1;1;426;
1;1;525;
1;1;527;
1;1;526;
1;1;525;
1;1;627;
1;1;626;
1;1;625;
1;1;627;
1;1;726;
1;1;725;
1;1;727;
1;1;726;
4;1;225;
4;1;227;
4;1;226;
4;1;225;
4;1;327;
4;1;326;
4;1;325;
4;1;327;
4;1;426;
4;1;425;
4;1;427;
4;1;426;
4;1;525;
4;1;527;
4;1;526;
4;1;525;
4;1;627;
4;1;626;
4;1;625;
4;1;627;
4;1;726;
4;1;725;
4;1;727;
4;1;726;
1;1;225;
1;1;227;
1;1;226;
1;1;225;
1;1;327;
1;1;326;
1;1;325;
1;1;327;
1;1;426;
1;1;425;
1;1;427;
1;1;426;
1;1;525;
1;1;527;
1;1;526;
1;1;525;
1;1;627;
1;1;626;
1;1;625;
1;1;627;
1;1;726;
1;1;725;
1;1;727;
1;1;726;
4;1;225;
4;1;227;
4;1;226;
4;1;225;
4;1;327;
4;1;326;
4;1;325;
4;1;327;
4;1;426;
4;1;425;
4;1;427;
4;1;426;
4;1;525;
4;1;527;
4;1;526;
4;1;525;
4;1;627;
4;1;626;
4;1;625;
4;1;627;
4;1;726;
4;1;725;
4;1;727;
4;1;726;