1;10;245;
3;3;245;hol;
3;4;245;com;
2;3;245;
2;4;245;
2;5;245;
2;5;245;
2;6;245;
2;7;245;
2;8;245;
2;3;245;
2;4;245;
1;10;246;
3;3;246;hol;
3;4;246;com;
2;3;246;
2;4;246;
2;5;246;
2;5;246;
1;4;343;
2;2;343;
1;20;234;
2;12;234
1;15;222;
2;1;343;
1;10;999;
1;10;888;
2;0;343;
4;0;343;
2;2;222;
2;5;234;
3;5;234;hol;
2;5;234;
1;20;555;
4;0;234
2;6;246;
2;1;888;
2;2;888;
2;2;888;
2;2;888;
2;5;999;
2;5;999;
2;9;999;
2;7;246;
2;8;246;
3;5;222;yay;
1;20;333;
3;19;333;jaj;
3;13;333;mat;
2;13;333;
2;10;222;
4;0;999;
2;3;246;
2;4;246;
4;0;246;
4;0;245;
4;0;333
4;0;222;